# Initial Setup
# Nodes, FIXED/FREE, X,  Y,  U,  V, Fx, Fy
       1  FREE   1500.0000       5600.0000       0.0000000       0.0000000       0.0000000      -30000.000    
       2  FREE   0.0000000       3000.0000       0.0000000       0.0000000       0.0000000       0.0000000    
       3  FREE   3000.0000       3000.0000       0.0000000       0.0000000       0.0000000       0.0000000    
       4 FIXED   0.0000000       0.0000000       0.0000000       0.0000000       0.0000000       0.0000000    
       5 FIXED   3000.0000       0.0000000       0.0000000       0.0000000       0.0000000       0.0000000    
# Elems,  Node_1,  Node_2, sigma, epsilon, l, theta[rad], theta[deg]
       1        1        2   0.0000000       0.0000000       3001.6662       1.0475180       60.018361    
       2        1        3   0.0000000       0.0000000       3001.6662      -1.0475180      -60.018361    
       3        2        3   0.0000000       0.0000000       3000.0000       0.0000000       0.0000000    
       4        2        4   0.0000000       0.0000000       3000.0000       1.5707963       90.000000    
       5        4        5   0.0000000       0.0000000       3000.0000       0.0000000       0.0000000    
       6        3        5   0.0000000       0.0000000       3000.0000       1.5707963       90.000000    
       7        3        4   0.0000000       0.0000000       4242.6407      0.78539816       45.000000    
       8        2        5   0.0000000       0.0000000       4242.6407     -0.78539816      -45.000000    
# Total stiffness matrix
   2329.4498       0.0000000      -1164.7249      -2018.8565      -1164.7249       2018.8565       0.0000000       0.0000000       0.0000000       0.0000000    
   0.0000000       6998.7026      -2018.8565      -3499.3513       2018.8565      -3499.3513       0.0000000       0.0000000       0.0000000       0.0000000    
  -1164.7249      -2018.8565       7481.3074       368.94070      -4666.6667       0.0000000       0.0000000       0.0000000      -1649.9158       1649.9158    
  -2018.8565      -3499.3513       368.94070       9815.9338       0.0000000       0.0000000       0.0000000      -4666.6667       1649.9158      -1649.9158    
  -1164.7249       2018.8565      -4666.6667       0.0000000       7481.3074      -368.94070      -1649.9158      -1649.9158       0.0000000       0.0000000    
   2018.8565      -3499.3513       0.0000000       0.0000000      -368.94070       9815.9338      -1649.9158      -1649.9158       0.0000000      -4666.6667    
   0.0000000       0.0000000       0.0000000       0.0000000      -1649.9158      -1649.9158       6316.5825       1649.9158      -4666.6667       0.0000000    
   0.0000000       0.0000000       0.0000000      -4666.6667      -1649.9158      -1649.9158       1649.9158       6316.5825       0.0000000       0.0000000    
   0.0000000       0.0000000      -1649.9158       1649.9158       0.0000000       0.0000000      -4666.6667       0.0000000       6316.5825      -1649.9158    
   0.0000000       0.0000000       1649.9158      -1649.9158       0.0000000      -4666.6667       0.0000000       0.0000000      -1649.9158       6316.5825    
# RESULT::Nodes
# Node No., Xbefore, Ybefore, X2after, Y2after, U, V, Fx, Fy
       1   1500.0000       5600.0000       1500.0000       5592.3403      0.39043326E-15  -7.6597481       0.0000000      -30000.000    
       2   0.0000000       3000.0000      -1.1913917       2997.3141      -1.1913917      -2.6858980      0.90949470E-12  0.36379788E-11
       3   3000.0000       3000.0000       3001.1914       2997.3141       1.1913917      -2.6858980     -0.17053026E-11   0.0000000    
       4   0.0000000       0.0000000       0.0000000       0.0000000       0.0000000       0.0000000       2465.8095       15000.000    
       5   3000.0000       0.0000000       3000.0000       0.0000000       0.0000000       0.0000000      -2465.8095       15000.000    
# RESULT::Elems
# elems [le,re], Stress, Strain
         1         1         2   86.586525      0.12369504E-02
         2         1         3  -86.586525     -0.12369504E-02
         3         2         3   55.598278      0.79426112E-03
         4         2         4   62.670952      0.89529932E-03
         5         4         5   0.0000000       0.0000000    
         6         3         5   62.670952      0.89529932E-03
         7         3         4   17.435907      0.24908438E-03
         8         2         5  -17.435907     -0.24908438E-03
# Elem No., (X1,Y1)bef, (X2,Y2)bef, (X1,Y1)aft, (X2,Y2)aft
        1   1500.0000       5600.0000       0.0000000       3000.0000       1500.0000       5592.3403      -1.1913917       2997.3141    
        2   1500.0000       5600.0000       3000.0000       3000.0000       1500.0000       5592.3403       3001.1914       2997.3141    
        3   0.0000000       3000.0000       3000.0000       3000.0000      -1.1913917       2997.3141       3001.1914       2997.3141    
        4   0.0000000       3000.0000       0.0000000       0.0000000      -1.1913917       2997.3141       0.0000000       0.0000000    
        5   0.0000000       0.0000000       3000.0000       0.0000000       0.0000000       0.0000000       3000.0000       0.0000000    
        6   3000.0000       3000.0000       3000.0000       0.0000000       3001.1914       2997.3141       3000.0000       0.0000000    
        7   3000.0000       3000.0000       0.0000000       0.0000000       3001.1914       2997.3141       0.0000000       0.0000000    
        8   0.0000000       3000.0000       3000.0000       0.0000000      -1.1913917       2997.3141       3000.0000       0.0000000    
